16

2038596188
1480468116
1627031905
1765760954
488266952
629677429
659611320
1827902545
3685052273
4013189478
3076274910
3579055939
22218806
2189270910
3633652974
3950063176
2038596188
1480468116
1627031905
1765760954
488266952
629677429
659611320
1827902545
3685052273
4013189478
3076274910
3579055939
22218806
2189270910
3633652974
3950063176
2038596188
1480468116
1627031905
1765760954
488266952
629677429
659611320
1827902545
3685052273
4013189478
3076274910
3579055939
22218806
2189270910
3633652974
3950063176
2038596188
1480468116
1627031905
1765760954
488266952
629677429
659611320
1827902545
3685052273
4013189478
3076274910
3579055939
22218806
2189270910
3633652974
3950063176
3950063176
3950063176
3950063176
3950063176
